2 294
3 265
4 205
5 770
6 432
7 24
8 953
9 449
10 28
11 461
12 983
13 9
14 64
15 703
16 229
17 272
18 459
19 933
20 103
21 797
22 59
23 265
24 128
25 811
26 355
27 621
28 621
29 208
30 938
31 387
32 959
33 449
34 746
35 607
36 851
37 532
38 750
39 938
40 51
41 961
42 572
43 466
44 315
45 6
46 993
47 140
48 292
49 362
50 296
51 116
52 871
53 284
54 267
55 876
56 636
57 192
58 185
59 24
60 215
61 185
62 128
63 645
64 684
65 916
66 329
67 665
68 268
69 837
70 525
71 689
72 668
73 990
74 83
75 638
76 613
77 542
78 993
79 437
80 135
81 837
82 65
83 360
84 568
85 580
86 923
87 143
88 920
89 123
90 827
91 893
92 148
93 991
94 465
95 536
96 361
97 997
98 909
99 442
100 250
101 863
102 988
103 449
104 773
105 968
106 231
107 475
108 617
109 48
110 465
111 291
112 454
113 64
114 634
115 355
116 123
117 6
118 208
119 586
120 997
121 795
122 504
123 735
124 550
125 295
126 876
127 162
128 38
129 521
130 159
131 967
132 494
133 370
134 274
135 639
136 155
137 510
138 909
139 98
140 275
141 98
142 927
143 777
144 311
145 453
146 232
147 465
148 578
149 205
150 787
151 337
152 592
153 404
154 810
155 244
156 465
157 89
158 543
159 284
160 339
161 839
162 896
163 110
164 175
165 464
166 614
167 949
168 280
169 647
170 852
171 465
172 597
173 93
174 171
175 76
176 300
177 584
178 404
179 548
180 998
181 809
182 320
183 437
184 579
185 532
186 485
187 837
188 604
189 420
190 773
191 628
192 636
193 642
194 56
195 361
196 971
197 239
198 287
199 706
200 621
201 998
202 684
203 37
204 500
205 9
206 31
207 149
208 369
209 602
210 43
211 966
212 386
213 647
214 337
215 963
216 962
217 361
218 902
219 67
220 479
221 795
222 255
223 224
224 521
225 542
226 577
227 844
228 883
229 668
230 208
231 391
232 675
233 409
234 54
235 351
236 777
237 98
238 478
239 760
240 579
241 599
242 574
243 194
244 966
245 84
246 728
247 638
248 983
249 205
250 401
251 696
252 993
253 84
254 673
255 205
256 219
257 1
258 909
259 357
260 861
261 816
262 164
263 224
264 921
265 105
266 797
267 156
268 598
269 272
270 351
271 688
272 208
273 817
274 793
275 212
276 938
277 594
278 633
279 906
280 543
281 309
282 678
283 801
284 793
285 254
286 460
287 911
288 520
289 139
290 107
291 665
292 721
293 133
294 174
295 370
296 422
297 361
298 970
299 351
300 404
301 350
302 759
303 647
304 628
305 351
306 943
307 401
308 361
309 636
310 41
311 123
312 315
313 648
314 37
315 387
316 75
317 489
318 488
319 74
320 42
321 497
322 790
323 907
324 359
325 369
326 983
327 431
328 893
329 178
330 570
331 540
332 754
333 512
334 939
335 818
336 415
337 909
338 915
339 351
340 1
341 370
342 449
343 576
344 735
345 34
346 739
347 389
348 815
349 698
350 1
351 208
352 864
353 81
354 825
355 482
356 497
357 823
358 454
359 89
360 835
361 864
362 576
363 35
364 297
365 750
366 666
367 557
368 714
369 1
370 208
371 983
372 770
373 767
374 466
375 913
376 522
377 981
378 297
379 973
380 501
381 105
382 458
383 51
384 716
385 244
386 613
387 556
388 83
389 255
390 443
391 911
392 248
393 76
394 679
395 986
396 284
397 449
398 770
399 824
400 45
401 437
402 835
403 175
404 721
405 445
406 870
407 22
408 909
409 114
410 853
411 318
412 438
413 568
414 494
415 397
416 673
417 414
418 874
419 432
420 543
421 933
422 64
423 242
424 523
425 153
426 418
427 422
428 306
429 420
430 961
431 92
432 277
433 634
434 105
435 255
436 89
437 793
438 862
439 994
440 710
441 208
442 48
443 212
444 966
445 492
446 635
447 774
448 636
449 361
450 155
451 898
452 14
453 445
454 636
455 489
456 864
457 309
458 544
459 809
460 238
461 633
462 651
463 432
464 734
465 606
466 192
467 964
468 513
469 242
470 916
471 479
472 532
473 244
474 173
475 360
476 54
477 391
478 284
479 51
480 256
481 872
482 586
483 409
484 825
485 793
486 445
487 797
488 586
489 586
490 43
491 489
492 225
493 736
494 938
495 107
496 339
497 586
498 129
499 564
500 215
501 709
502 981
503 9
504 933
505 151
506 208
507 276
508 156
509 83
510 596
511 272
512 137
513 123
514 679
515 834
516 932
517 21
518 361
519 96
520 848
521 735
522 292
523 559
524 173
525 397
526 675
527 895
528 230
529 172
530 414
531 810
532 178
533 383
534 639
535 96
536 64
537 617
538 216
539 943
540 653
541 13
542 607
543 811
544 579
545 217
546 542
547 130
548 817
549 113
550 37
551 713
552 561
553 916
554 127
555 287
556 835
557 298
558 697
559 636
560 109
561 660
562 205
563 460
564 329
565 225
566 74
567 54
568 906
569 110
570 444
571 696
572 208
573 186
574 284
575 89
576 397
577 156
578 497
579 586
580 906
581 617
582 613
583 9
584 969
585 356
586 325
587 676
588 57
589 894
590 334
591 69
592 321
593 298
594 586
595 596
596 793
597 10
598 76
599 136
600 155
601 178
602 156
603 114
604 559
605 497
606 735
607 685
608 492
609 220
610 997
611 923
612 184
613 208
614 840
615 393
616 344
617 174
618 699
619 596
620 65
621 275
622 409
623 365
624 316
625 159
626 996
627 953
628 766
629 896
630 473
631 938
632 536
633 750
634 297
635 172
636 714
637 468
638 497
639 24
640 683
641 901
642 153
643 276
644 544
645 506
646 57
647 449
648 268
649 982
650 497
651 354
652 679
653 396
654 129
655 861
656 694
657 13
658 714
659 670
660 773
661 787
662 390
663 909
664 809
665 212
666 810
667 748
668 562
669 939
670 432
671 31
672 339
673 596
674 298
675 909
676 797
677 698
678 465
679 914
680 828
681 89
682 112
683 568
684 579
685 771
686 172
687 277
688 24
689 857
690 595
691 851
692 51
693 57
694 982
695 835
696 175
697 289
698 961
699 6
700 803
701 239
702 192
703 876
704 33
705 667
706 601
707 689
708 883
709 300
710 755
711 105
712 571
713 985
714 208
715 136
716 123
717 914
718 105
719 399
720 254
721 968
722 846
723 703
724 870
725 550
726 959
727 710
728 921
729 976
730 4
731 265
732 269
733 94
734 105
735 1
736 588
737 635
738 859
739 32
740 59
741 896
742 986
743 452
744 289
745 172
746 212
747 505
748 62
749 436
750 636
751 329
752 719
753 610
754 436
755 143
756 7
757 269
758 267
759 777
760 921
761 209
762 147
763 407
764 256
765 973
766 684
767 365
768 922
769 976
770 252
771 636
772 472
773 14
774 98
775 329
776 734
777 506
778 574
779 917
780 482
781 923
782 26
783 712
784 778
785 685
786 835
787 432
788 735
789 883
790 369
791 697
792 534
793 735
794 402
795 714
796 961
797 432
798 541
799 895
800 502
801 664
802 116
803 765
804 677
805 453
806 619
807 83
808 59
809 485
810 361
811 759
812 42
813 139
814 633
815 750
816 148
817 990
818 205
819 499
820 969
821 863
822 50
823 862
824 175
825 511
826 553
827 339
828 586
829 74
830 155
831 546
832 404
833 794
834 848
835 721
836 67
837 795
838 236
839 458
840 9
841 110
842 519
843 696
844 998
845 610
846 613
847 827
848 751
849 307
850 803
851 272
852 287
853 799
854 640
855 811
856 54
857 355
858 235
859 959
860 657
861 797
862 851
863 610
864 369
865 252
866 636
867 897
868 909
869 657
870 143
871 388
872 42
873 556
874 185
875 189
876 636
877 128
878 751
879 344
880 722
881 778
882 920
883 497
884 623
885 243
886 666
887 997
888 368
889 134
890 414
891 771
892 344
893 265
894 278
895 292
896 448
897 450
898 788
899 872
900 809
901 463
902 144
903 454
904 70
905 289
906 449
907 425
908 678
909 576
910 228
911 607
912 877
913 586
914 384
915 990
916 513
917 370
918 269
919 947
920 459
921 466
922 600
923 788
924 125
925 362
926 572
927 114
928 909
929 277
930 761
931 467
932 449
933 750
934 546
935 186
936 479
937 113
938 171
939 916
940 42
941 386
942 379
943 634
944 663
945 10
946 430
947 657
948 998
949 851
950 944
951 629
952 601
953 466
954 20
955 51
956 161
957 169
958 995
959 634
960 563
961 917
962 402
963 89
964 506
965 208
966 454
967 957
968 208
969 998
970 825
971 1000
972 628
973 57
974 77
975 258
976 432
977 260
978 921
979 244
980 194
981 397
982 279
983 909
984 114
985 257
986 658
987 818
988 929
989 494
990 769
991 598
992 769
993 837
994 795
995 255
996 841
997 356
998 961
999 395
1000 851
